P=sparse(23,23);
P(1,2)=0.11088900000000002;
P(2,3)=1.0;
P(3,3)=1.0;
P(1,4)=0.11088900000000002;
P(4,3)=1.0;
P(1,5)=0.11088900000000002;
P(5,3)=1.0;
P(1,6)=0.11088900000000002;
P(6,3)=1.0;
P(1,7)=0.11088900000000002;
P(7,3)=1.0;
P(1,8)=0.11088900000000002;
P(8,3)=1.0;
P(1,9)=0.11088900000000002;
P(9,3)=1.0;
P(1,10)=0.11088900000000002;
P(10,3)=1.0;
P(1,11)=0.11088900000000002;
P(11,3)=1.0;
P(3,12)=1.0;
P(12,13)=1.0;
P(3,14)=1.0;
P(14,15)=0.11088900000000002;
P(15,3)=1.0;
P(14,16)=0.11088900000000002;
P(16,3)=1.0;
P(14,17)=0.11088900000000002;
P(17,3)=1.0;
P(14,18)=0.11088900000000002;
P(18,3)=1.0;
P(14,19)=0.11088900000000002;
P(19,3)=1.0;
P(14,20)=0.11088900000000002;
P(20,3)=1.0;
P(14,21)=0.11088900000000002;
P(21,3)=1.0;
P(14,22)=0.11088900000000002;
P(22,3)=1.0;
P(14,23)=0.11088900000000002;
P(23,3)=1.0;
